30	1	7	13	49
6865	1	7	13	49
6898	1	7	13	41
7047	1	7	13	41
7067	1	7	13	21
7170	1	7	13	21
7195	1	7	13	50
7204	1	7	13	50
7231	1	7	13	20
7272	1	7	13	20
7296	1	7	13	39
7439	1	7	13	39
7450	1	7	13	55
7863	1	7	13	55
7883	20	7	13	55
8078	20	7	13	55
8098	1	7	13	55
8526	1	7	13	55
8537	1	7	13	40
8578	1	7	13	40
8590	1	7	13	34
8593	1	7	13	34
8603	1	7	13	56
9539	1	7	13	56
9554	1	7	20	56
9700	1	7	20	56
9709	1	7	20	41
9711	1	7	20	41
9716	1	7	20	42
9732	1	7	20	42
9747	1	7	20	56
9768	1	7	20	56
9785	1	7	13	56
9947	1	7	13	56
9967	1	20	13	56
10031	1	20	13	56
10052	1	7	13	56
10443	1	7	13	56
10453	1	7	13	42
10467	1	7	13	42
10497	1	7	13	49
14409	1	7	13	49
14432	1	7	13	22
14854	1	7	13	22
14875	1	7	13	49
18040	1	7	13	49
18063	21	7	13	49
18236	21	7	13	49
18257	1	7	13	49
24135	1	7	13	49
24153	1	20	13	49
24246	1	20	13	49
24265	1	7	13	49
26143	1	7	13	49
26167	21	7	13	49
26229	21	7	13	49
26263	21	7	13	30
26358	21	7	13	30
26381	36	7	13	20
26922	36	7	13	20
26926	36	7	13	23
26949	36	7	13	23
26964	36	7	13	31
26988	36	7	13	31
26993	36	7	13	32
27025	36	7	13	32
27053	3	7	13	32
27158	3	7	13	32
27162	2	7	13	32
27180	2	20	13	32
27477	2	20	13	32
27499	20	20	13	32
27543	20	20	13	32
27560	20	39	13	32
27940	20	39	13	32
27950	20	44	13	32
27973	30	44	13	32
28116	30	44	13	32
28130	39	44	13	32
28478	39	44	13	32
28495	39	48	13	32
28847	39	48	13	32
28869	39	48	21	32
28879	43	48	21	32
29362	43	48	21	32
29372	39	48	21	32
29394	39	48	30	32
29482	39	48	30	32
29504	39	48	20	32
29521	39	40	20	32
29751	39	40	20	32
29769	21	40	20	32
29785	21	40	20	32
29808	21	40	14	32
29881	21	40	14	32
29898	32	40	14	32
30933	32	40	14	32
30957	32	20	14	32
31075	32	20	14	32
31090	32	20	15	32
31478	32	20	15	32
31499	32	20	20	32
31577	32	20	20	32
31580	32	21	20	32
31838	32	21	20	32
31852	32	21	42	32
31855	32	20	42	32
32012	32	20	42	32
32028	32	20	32	32
32050	32	40	32	32
32973	32	40	32	32
32980	32	40	32	31
33020	32	40	32	31
33033	32	40	32	21
33101	32	40	32	21
33113	32	48	32	21
33126	32	48	32	21
33145	32	48	32	39
33228	32	48	32	39
33239	32	48	32	55
33510	32	48	32	55
33528	21	48	32	55
33659	21	48	32	55
33681	36	48	32	55
33879	36	48	32	55
33914	36	48	32	51
34239	36	48	32	51
34266	36	48	13	51
34370	36	48	13	51
34400	36	48	13	41
34452	36	48	13	41
34482	36	48	13	51
34498	36	48	13	51
34519	36	20	13	51
34604	36	20	13	51
34618	36	33	13	51
35176	36	33	13	51
35196	36	8	13	51
35502	36	8	13	51
35521	36	21	13	51
35602	36	21	13	51
35622	36	32	13	51
36533	36	32	13	51
36552	36	32	21	51
36655	36	32	21	51
36679	36	32	32	51
37335	36	32	32	51
37368	36	32	32	40
37457	36	32	32	40
37479	36	32	32	20
38289	36	32	32	20
38293	36	32	32	23
38371	36	32	32	23
38374	36	32	32	20
38462	36	32	32	20
38465	36	32	32	21
38897	36	32	32	21
38925	21	32	32	21
39028	21	32	32	21
39032	21	32	32	22
39152	21	32	32	22
39166	48	32	32	22
39913	48	32	32	22
39917	48	32	32	24
40075	48	32	32	24
40095	48	32	32	40
40312	48	32	32	40
40334	48	8	32	40
40787	48	8	32	40
40810	48	21	32	40
40927	48	21	32	40
40949	48	7	32	40
40990	48	7	32	40
41009	48	7	32	31
41029	48	7	32	31
41032	48	7	32	32
43204	48	7	32	32
43207	48	7	32	31
43639	48	7	32	31
43659	48	7	32	30
43752	48	7	32	30
43770	48	7	32	39
43873	48	7	32	39
43878	32	7	32	39
46120	32	7	32	39
46133	32	7	32	55
46220	32	7	32	55
46242	32	21	32	55
46434	32	21	32	55
46452	32	39	32	55
46844	32	39	32	55
46852	32	44	32	55
46970	32	44	32	55
46994	32	44	32	56
47119	32	44	32	56
47123	31	44	32	56
47258	31	44	32	56
47278	21	44	32	56
47467	21	44	32	56
47487	2	44	32	56
47733	2	44	32	56
47758	35	44	32	56
48238	35	44	32	56
48246	35	40	32	56
48473	35	40	32	56
48493	35	40	6	56
48653	35	40	6	56
48673	35	37	6	56
49500	35	37	6	56
49517	35	37	21	56
49667	35	37	21	56
49689	35	37	15	56
49816	35	37	15	56
49840	35	37	32	56
52709	35	37	32	56
52731	35	37	32	21
52818	35	37	32	21
52840	35	37	32	51
53176	35	37	32	51
53183	35	37	32	52
53795	35	37	32	52
53816	2	37	32	52
54409	2	37	32	52
54439	2	37	32	42
54520	2	37	32	42
54555	2	37	32	51
54739	2	37	32	51
54745	2	37	32	52
55275	2	37	32	52
55299	2	21	32	52
55424	2	21	32	52
55445	2	32	32	52
55683	2	32	32	52
55713	2	32	32	48
55796	2	32	32	48
55804	2	32	32	32
55834	30	32	32	32
56135	30	32	32	32
56161	34	32	32	32
56382	34	32	32	32
56415	34	32	32	52
57038	34	32	32	52
57052	36	32	33	52
57420	36	32	33	52
57458	36	32	33	56
58072	36	32	33	56
58099	21	32	33	56
58217	21	32	33	56
58243	36	32	16	56
59119	36	32	16	56
59139	36	32	16	41
59170	36	32	16	41
59200	36	32	16	51
60918	36	32	16	51
60938	36	20	16	51
61300	36	20	16	51
61320	36	20	46	51
61700	36	20	46	51
61719	36	34	46	51
61799	36	34	46	51
61813	36	37	46	51
62918	36	37	46	51
62938	36	37	30	51
63120	36	37	30	51
63140	30	37	30	51
63200	30	37	30	51
63220	30	37	13	51
63300	30	37	13	51
63315	32	37	13	51
63564	32	37	13	51
63584	32	37	21	51
64055	32	37	21	51
64079	32	37	41	51
64884	32	37	41	51
64908	32	9	41	51
65100	32	9	41	51
65104	32	9	39	51
65158	32	9	39	51
65173	32	21	45	51
65305	32	21	45	51
65331	32	21	45	21
65399	32	21	45	21
65426	32	21	45	39
65533	32	21	45	39
65539	32	23	38	39
65838	32	23	38	39
65842	32	20	38	39
66173	32	20	38	39
66198	32	20	38	56
66217	32	20	38	56
66220	32	21	38	56
66251	32	21	38	56
66271	32	8	38	56
66675	32	8	38	56
66693	32	8	38	41
66696	32	8	38	41
66700	32	8	38	39
66722	32	8	38	39
66728	32	8	38	28
66731	32	8	38	28
66734	32	8	38	41
66736	32	8	38	41
66762	32	32	38	41
66800	32	32	38	41
66805	32	32	38	39
66998	32	32	38	39
67004	32	32	38	41
67007	32	32	38	41
67011	32	32	38	39
67832	32	32	38	39
67838	32	32	38	41
67930	32	32	38	41
67962	32	32	38	55
68264	32	32	38	55
68274	32	32	38	40
68370	32	32	38	40
68401	32	32	38	52
68825	32	32	38	52
68850	32	32	38	21
68891	32	32	38	21
68907	32	32	38	31
68920	32	32	38	31
68923	32	32	38	32
71709	32	32	38	32
71720	32	32	40	32
72145	32	32	40	32
72150	32	32	40	31
72200	32	32	40	31
72210	32	32	40	34
72230	32	32	40	34
72238	32	32	40	56
72305	32	32	40	56
72332	2	32	40	56
73242	2	32	40	56
73266	2	32	20	56
73490	2	32	20	56
73513	2	32	30	56
73575	2	32	30	56
73595	2	32	38	56
75050	2	32	38	56
75077	30	32	22	56
75133	30	32	22	56
75157	20	32	22	56
75232	20	32	22	56
75236	20	32	23	56
75400	20	32	23	56
75423	3	32	23	56
75677	3	32	23	56
75680	3	32	23	56
75695	1	32	13	56
76673	1	32	13	56
76693	1	8	13	56
76953	1	8	13	56
76960	1	9	13	56
77077	1	9	13	56
77097	1	20	13	56
77390	1	20	13	56
77397	1	20	13	34
77400	1	20	13	34
77435	1	30	13	50
77460	1	30	13	50
77546	1	30	13	50
77566	1	37	13	50
77650	1	37	13	50
77656	1	37	13	49
81777	1	37	13	49
81797	1	21	13	49
81979	1	21	13	49
81999	1	7	13	49
86399	1	7	13	49